$ANSIBLE_VAULT;1.1;AES256
61383437356361623134313765386137626330326533393932373930363830336532366665616362
6462343130336333336239633032336462653331356666370a383862303536613031643231386565
62306531653266376333396161383532643436363865633161666437363861336136343934393963
3339316265666335340a313563303031653333616238343432333433653234626237633035326362
38393430353035646537616138653730366339323864643562393938656235373530346334336238
38373133366664613638313262393030643136393932613538383365663861326333323135303131
31663930396634376431306131313332353139383332633834666231386465393838613738636262
61373466316435613463343831316631623239396331346362663533393661643263653238333939
62306432353137366339343031666637323032666630373763323131376334353838313130633430
32373966653536386565353563626562613739623234303535623331643136626666396561643963
36626138343462633062646139386532316233653062316138613166376133643063353934343764
61353435303762306262363332306235353464363839323263393236373762643966643164383162
35613339666630353965313935633139343636623932613866346465636661363833303639303632
38343332396565353534393337303665666163333032636436643566303736343733623232343739
32393962346533636436643937646261623861343562643163393133636161393765373565366666
63613839333239363937636232656264386365626334373964663565393638613232316339386436
38643961323131393635616235366434393136363638336464343130643334303765306164353734
3065656339386464343537313831313432336236663162643066
