$ANSIBLE_VAULT;1.1;AES256
30656639626639646337643464656262366633643564383665386630313766333239363466613166
3139646363643032353263613330616639653335366637320a363931393639643531303461636563
38613339666337353339313534613864316431326234363863643566616631643535386262343230
3165396630383637350a663534356231626434613538623931383634653330363130303430333961
31386236386230383339316433323434613864316635323736383966333438613065376631633636
37396534643538323533316536326663643837386638656437323864393431646133323635323964
64656439343637623032613233653063653730386239623961393465373962623431313736346237
33353834376238316335303962306635653863336436623835366430376133356339626332656434
38313465636634376566666235326337373230626134626662353764303264383230333364653432
34623835656134346331363230333935383034626333376136363234366661613038356137626133
63626436356535633061326361663564376331376233316266303265303433316137303835326234
33613236333734663832353561653339336632313162363832306565616330623435323938643565
34306531313831663663636435643735376239303666633563336437326561343664396339616666
30383432353766343361313637303634316461353764333733643236333863343861643662333465
32613533303230623864396130326535363538386637363933323435613562626530336537336238
65663732623738373832393634333963616361393934343638353032323236613436643762393730
37303138316465623261623261343036393863323237383634346435363233643063373165316636
62366139306165666135323063613363323431353566653933636164663531623639386132373133
65356262666462366136306230383361303237393239333330303837366337386430653130383638
30323666366137363534366238333233353936353431303962376633633639623334616536336330
38393738343538383436643864373337646334336339613133656333633065663537376233383563
66323965323064363863363536656637363338393531666361376530313339393935363364373065
32633639366266656366393563643639643837643831666138316131633463366365336539383730
35393237353965326565616632383739656337383334633938353563393736373431343562666636
63386339633666633262626133623766616235633761393061303965356334343066363133643664
30306262323362656230646666346363643465663230386663383164626166613031383563373639
62366264363532363765353766626434626438343965393261383231333661313164386166343138
65653466393162656164396639353236646466316365616431623765333566346239303434323536
36623261376462666563363735613134646132393763383234353763306133313633623938383134
63373936613635383836343530326538313133353164366661373261653838613565666430326138
32643034626137653534393263336165663666366465646462386231336231663261333764666162
32663561616431346438636635373635343535393839343261386135666661323631316330636464
35303839386662623266353131373632386266346431336262316565633261356636393464623064
66653832666439613635643466633266623161626364323230613731663035643561613738333936
36303930636336333362636133643236303131393339343163376330343763336531633334333636
38303465303439343166
